10000
-586749
189660
-493628
437631
417234
529440
522208
2292
296390
-341566
242626
-768290
961854
-536554
-304609
766172
-961848
360763
536187
-613035
163284
-585025
902375
750261
187186
972823
758119
980705
-396813
294660
867664
95236
-979385
91889
-84861
528029
870076
941789
912392
51653
349330
608965
882367
-339361
411605
-750563
237064
963982
691476
-625326
467729
-446103
398090
669416
-936924
478183
512157
-114944
249421
28417
-769202
257633
-8752
-191942
752014
-807856
303429
-691271
145259
967491
-203005
-623899
-487736
-11190
359977
-666824
825087
515056
-950860
645466
-403336
-526585
691408
282196
-536839
-358881
-591197
412078
-377234
-203123
706436
183259
-76020
290783
924896
-188169
786221
-950560
-793552
163597
792809
-430815
-444650
-101063
142650
-798384
-165518
501423
-773796
349491
322924
-406592
442709
-795077
-538696
939259
778550
-936408
741954
-680976
9101
-231881
471305
62177
118895
304955
947975
-690377
398108
-609164
-834663
604847
-457976
662206
192651
753987
-463568
373764
533443
335787
-512119
-171984
-134001
984115
757331
582192
407580
340682
618501
608573
-371602
-598494
-632334
55063
864250
620718
130391
-28729
-109090
441116
840652
933682
-966816
-610556
193213
-414427
-788961
-90272
762700
-606688
-625037
-632397
77796
575417
-871364
616681
-676369
-914108
-579290
542691
106900
875249
-792882
333148
-684121
845246
-513645
944896
-285355
258638
-493902
-978193
-501939
-144016
-86831
686964
-916346
51909
-126087
-434886
-410332
-359283
108792
204441
-164714
920355
704990
963498
-369092
-422224
-139850
864142
-753269
345982
955722
717287
884876
-319821
905935
408097
-793482
906042
-735275
955191
-286852
294236
11931
282865
846429
-230639
98970
466759
-277443
-389436
-648890
-899607
-636912
942625
98195
693397
226359
-862730
977002
547218
-959437
621574
-54522
-582209
-231620
-108234
-714948
-479382
-634515
-869854
-116917
629446
12550
-343795
216426
-298245
-117589
563582
-958937
-580269
106591
189677
71074
-48302
130196
-658028
-516630
37957
410240
-51943
969089
758970
904020
-410767
300318
-884299
675168
87460
-311414
677935
-386868
-87024
791283
-960712
-202623
573378
-938461
353720
-716062
148339
657942
-92702
-539392
322595
596665
-47551
-487821
101297
-978536
284587
-126864
803007
356059
-836449
520041
288902
731352
426086
-899838
384971
685490
-721820
-857097
-404632
-566502
-702442
-992834
-793046
-168327
-369237
-533216
-38739
-148788
-703266
-368826
321622
-395330
-805777
674942
-489665
217486
843690
480546
-803678
784982
27330
603790
-683819
959081
-652166
22680
-934181
853049
93493
815541
-770133
-455998
47580
-108384
897926
104406
749394
-946799
435985
15120
-86240
139729
-54261
99148
600835
243619
560662
-528473
680961
492875
110669
-284532
432814
-237255
-218823
118067
-510087
961311
-156091
-131669
-578450
-16088
-369130
-476848
-820724
978136
-804860
-496306
-22444
498014
-451622
689106
-619505
-373405
-38600
161850
809117
-960627
765924
-76939
151768
27429
-239690
-876493
-346992
-449719
-872883
-269358
27664
-892083
873324
233853
81934
272916
-871157
78447
228433
-549910
-233517
-597329
-135468
120526
-439051
154192
979125
-290046
-722069
-342887
-343887
967693
137160
584965
501670
-489700
-654156
-705262
-652675
982241
619169
354121
-293242
549253
960237
166155
271414
-400474
934655
969972
270801
-464294
-567363
-943494
-8406
-812711
460390
-748410
321580
856916
-588454
496081
-592731
-961003
-837716
128894
-51970
-654797
-850740
-851745
341420
390735
-62794
318453
-807946
-578668
428846
-612189
-405534
189604
208520
643459
768216
530675
731095
409920
587497
760831
-974856
-731276
-552693
263968
457740
-499479
-599213
826985
665892
337736
831569
-871178
-668400
-640315
835287
-592795
763555
-411985
-339842
-713479
-524049
759653
456891
-792141
-929501
951899
-699246
-896388
255981
886868
-663011
143836
805140
692565
-230567
63970
-103344
624015
449013
-339568
-108827
-597996
-10386
45611
707967
-63260
962793
685340
268318
692421
-921313
-534787
607404
-455241
-730784
509297
320332
881085
368232
-214469
67516
26098
-702308
118665
-169234
932324
810840
164356
437529
679121
-700507
-174316
-681204
745883
673094
-527496
203168
-105634
-44455
-897462
914772
496735
-459169
302346
816957
-947567
-143197
521280
-685715
399331
-552876
308232
-302627
-575933
606151
360590
-746175
-340943
826956
765234
-760412
-202472
-587406
-256162
186860
497691
-418442
-993880
-226463
270347
937353
-954932
906477
950815
-184057
609279
-346452
487063
-115172
110649
842843
-329442
-166119
522835
-826964
-191971
362530
-909538
-635455
-866955
-369506
-623292
338835
372635
749786
-995429
-304988
-313255
-854662
957996
-961247
-546627
755624
-799975
29564
12468
339658
312835
609013
-714394
-777472
-951290
374926
-830253
-19936
920352
424148
-499177
-519926
571292
-901027
358253
-741206
-646914
-465776
228163
-778752
937893
-33603
826149
-802778
-114383
-908814
-612005
241333
-319533
-406064
-711404
936246
-862942
732878
241658
-973875
-572763
606789
-263581
-748848
109779
-884198
-815996
-746692
-338671
-892952
-416647
294455
251077
-59429
14409
179337
801961
-334472
212957
449385
506967
-2788
-331042
-767295
270610
-545426
-49867
329177
-925511
-665247
-487966
664356
62782
-181519
-283727
-925150
-118924
-973942
694305
-941630
310860
-52968
-825836
276885
190944
627934
272204
769443
-851590
-740019
786895
259794
889139
-936836
326664
118496
835076
-183540
-233335
244379
389607
-838368
-468854
-110311
-832369
518466
336926
343069
790038
-436745
446835
-639276
267390
-936215
450048
-91193
-880908
-847255
-704566
-780164
-464428
131566
-604907
-409236
-444841
-407865
789203
97792
-455228
938094
-319036
-111938
-576353
111963
893535
-696291
100106
469313
954873
421791
1216
125638
-368400
-267147
-349480
-731786
-877809
947334
-670823
499916
84867
-880184
-869978
-213970
-870154
852598
-113664
702986
8803
-599493
-906703
825180
-726900
-409139
622039
-467658
552491
529550
147035
-192076
315848
876976
-218635
-271226
164092
-377607
-545481
928689
-361424
308498
-123301
-410118
271497
-42271
-261632
-407352
-14505
329957
-688679
464142
-604078
-949363
-315227
-74781
-675880
-974447
612422
401038
-189461
-486791
-621965
365577
-743771
-275705
364218
28095
288213
-678471
-268091
-383929
-59171
-593014
111174
924584
-544915
-976205
65384
865756
744595
-444991
-464904
-777350
-79550
-505870
807884
-955693
-85036
426346
-842497
103539
-406054
-733780
-640051
-81719
128636
176834
100779
-554439
548260
240970
-326141
-900335
773070
695263
867854
-114657
204640
42213
-438954
829732
870269
-692169
846821
657319
-194417
873316
443197
882564
-155730
-470217
-148080
279148
-586487
576699
-665411
-509103
-102918
740869
-662707
828760
463124
391745
89870
316831
-260455
-411052
-179383
-352746
665503
-458010
373730
378683
-684384
-702288
-86864
-716269
-477367
951932
-841175
582580
-415294
324253
-471184
-83075
413514
-844089
783874
956922
-703771
-852538
-983780
411882
162103
-334181
-833887
-372429
-814859
-173969
494716
-916293
-974548
-470309
686401
371300
-762958
803995
-352738
443266
-184431
-233223
747426
-168110
-809004
-415528
-28995
-503693
-218927
-430205
-249453
87347
260809
928000
-898252
689815
-661693
-854535
746987
-968489
399094
-433716
891274
-415268
-408853
963113
-73307
-724003
815638
-477615
71972
-85633
44839
-596187
216538
-704126
485418
158618
-791505
-525486
531981
643554
-586459
901940
126189
-617494
-842287
79673
-732546
366245
661576
-356237
71723
-134697
-17018
-591515
948332
-865041
287734
552413
304962
77729
-827270
794998
-810835
868676
-486101
-619445
-887967
-11125
344065
-937953
888826
532072
839444
878979
-917369
855720
834008
509871
-726399
-761519
354105
417050
-559478
-468393
-510057
-530838
385141
-55713
587512
39415
-505656
22466
-971572
580168
-265717
183655
8858
818457
-789942
688238
827026
791199
-746877
48568
-433275
599144
4070
-21273
-734807
290281
89083
-571139
-591451
524426
851251
-662349
746093
241907
-494800
-680450
190855
-699184
482701
-287388
-316459
-441825
-312050
190448
-352157
-492051
-379485
604017
-889367
586005
-685554
-49061
-826355
515408
326238
716661
-316286
678712
879133
-998556
596248
-758047
575528
-978797
766351
451308
-835556
259158
-427174
-850668
338214
-233737
-46105
-146371
-647449
571368
716977
-289242
-347434
796594
-727103
-639793
676266
-640603
-206186
-404380
-164520
-566931
14703
-838369
904477
615109
-360832
28777
-39752
795266
-605815
137303
77698
-200759
855623
408503
748003
545102
695813
-701558
437402
-996999
-48282
-698650
-884442
-219091
699176
670638
-428913
-458350
616582
-342499
744731
-618834
-700879
-541406
-249996
-643243
313789
322484
72020
783209
965981
112979
661285
879382
-978590
-516519
-30014
79234
-871679
899825
-3154
-212974
602812
306491
-304370
-47557
405822
547759
181672
302804
759070
293503
-682480
719514
-980062
-574110
-982856
-151823
-459287
639126
-97450
-429576
776588
-254910
304811
-346768
-485809
-309084
886332
-17972
657684
328793
541667
-513221
996937
-893044
879614
754165
853282
533523
-649947
582003
-16765
-262350
521690
522289
458208
944227
434828
-868291
892879
-435994
-481247
441104
336136
-933225
695997
-650223
760309
205108
-690268
-48664
-695415
509707
-465214
-312142
-11366
-328471
-706755
436599
599471
979120
861702
-76111
789916
-346385
-656848
346975
-281782
-773631
-358426
-991740
-510088
546759
374563
846175
364742
643178
-893179
522064
335692
-308627
-655300
-838143
782035
-415348
75262
-555967
743492
937854
557018
-28104
-37357
-611728
906769
-370927
-305574
714826
-794756
268005
-463654
760384
303702
760080
869164
-419392
956296
466133
431410
549980
516513
303765
-468954
-897901
72119
824490
819272
-777839
-265439
506089
-147966
642966
-471890
608550
-396659
-248462
562688
-455750
-783935
784129
27994
931085
-275340
-843487
-480422
-446673
252698
341621
-230015
19252
-878490
-118970
168576
-357511
-251517
217209
952119
853502
-356472
-216581
-695716
-705683
714449
-495473
866595
-615900
-956765
-491605
-180353
-770943
435387
473079
-689653
-222640
181589
-960726
331909
144013
-762273
-812437
-976825
-859091
-971747
-640344
175155
-417750
-357347
681449
515645
953303
843606
-590143
-708511
-145651
615824
-754434
-739608
374365
707461
910054
548342
246593
-956943
-402055
-869723
-807355
463255
494617
710962
-835863
584242
-42227
724352
729665
-465373
-739754
625125
73562
595960
-144359
470783
-838394
-753946
572050
-225461
-499404
-909934
-909712
-871063
307159
-399489
390330
-780123
349242
-893307
522475
-263024
-783767
920549
917896
317584
373267
704353
-932919
-860965
435541
-967132
266759
644397
-47793
-559524
-786320
264824
873623
-706789
-373327
-657728
99201
-881133
422001
-522852
382186
-966374
814004
639641
881933
-790602
-533441
-412164
99092
631182
19731
-672074
682773
650920
-337233
226329
-718014
-770058
474756
-976929
-991043
588373
-496010
64577
662470
712737
-541139
597927
-445164
-211326
-25337
-710320
-513241
249952
-829294
208669
218642
-250156
-168847
-858308
450270
528185
-450194
-749036
681733
-280132
980847
-354868
489910
-356600
-343802
-981017
262101
-289916
-720563
255827
530453
-413286
160912
-287892
-17998
-215498
337913
667660
324434
-156629
-487713
-109697
-360293
936813
-251165
-844714
-219698
601690
-778443
-305115
-319237
-806360
822091
99877
517076
-579618
-928163
-995010
-844476
-698422
-926832
-795016
-569149
486459
562199
446930
171428
-14202
-760418
757299
386678
687022
-323340
872797
-362433
-610819
-370301
14081
-757682
-925467
383136
10179
706868
-183937
731227
-401595
777662
537726
993552
354359
-842526
-65294
430712
867322
7171
-361651
-26482
467608
952246
-29280
368952
303866
-925099
595616
-187090
336133
-329842
-766305
-559137
-790914
-319406
-167560
3794
251568
-650404
267196
212139
338522
-867216
-510822
-521774
-281457
-500112
329577
114594
524943
-719100
750411
-816161
-902375
261876
-716184
-501865
70595
523756
-142831
-641146
-712935
12425
370723
624604
104742
848701
924527
60656
-921151
-671902
488339
230566
612125
696548
368287
978345
-944245
154438
229615
-127911
39543
-374796
708615
-123307
-851391
1590
705313
-393935
35272
-827322
-877616
171041
-257002
-744809
812310
-140553
665344
-900795
586552
663660
-541246
618802
-10956
735702
631359
-566306
883515
863140
189946
692274
707433
-994001
-46736
-45668
39798
57877
-886476
338559
206382
611117
-179356
760157
-436325
-925642
519167
-416760
-518810
2351
325577
323222
-680850
559094
806906
-92
-660803
-261794
983223
-317
108124
-421857
-272553
-956359
868436
180425
-112088
-641568
977497
-682129
209800
-316512
151377
-99738
-197172
284099
287181
-132924
649432
705224
509012
710878
222101
-776424
-199693
543150
57142
461369
-965962
-521739
666599
-810816
-690419
458999
700181
160054
526314
495916
512949
-283771
-980773
-388622
212994
159238
-526534
295851
3154
349561
-265187
-122513
101568
-216741
21666
449629
-313651
536419
131244
-149852
-174062
-805941
759493
795659
-724456
-325911
788425
648590
-69230
-485493
-700043
-685294
-191654
146593
-59243
493884
-4407
825090
-821809
-59498
557705
-739393
83923
959957
562203
-346587
54472
799901
-556873
-853082
-558095
359146
728813
469833
-410365
154838
48120
954752
-561709
498494
446490
819462
609491
183648
110737
747536
779570
986838
331739
-222703
-847328
22529
855124
-401549
-476955
-314454
-114731
833612
-87565
-293009
-876308
-748782
-925819
477671
-211884
-608375
-122533
690658
637027
496159
-170497
918588
492040
-775240
258649
553468
139718
917140
-129677
-551012
604635
-728525
-579469
-586847
472104
233136
-106794
665468
-406570
623315
-457494
12325
940354
-127292
761844
441999
965857
797981
-710614
937005
-830415
-404134
690905
-478634
488043
-438276
398463
730698
-646974
-264121
-4418
82341
18282
245311
623164
-8483
-964593
-587928
-413593
646299
-936255
120041
645512
489857
-234959
-873374
-772480
660651
-703315
-992307
-877589
744006
941334
756965
144400
365221
-290000
397626
199026
-348715
658901
865093
-774474
-543820
962430
-381786
966699
839375
860751
103435
-571584
-550268
833493
754676
523826
-515881
-709365
585800
-775397
731638
-216222
-231032
-391558
871723
289374
-758282
810126
-384180
-5957
768972
-162908
737644
972467
529323
752612
-825757
816192
821334
132143
-398675
524313
920383
-384369
-141019
-856154
-293540
-846401
883198
-73980
606317
-26968
501175
-347031
-990641
961343
791925
305461
697785
569298
-780843
23123
-393184
431719
-871087
808688
869871
939655
51398
480993
632652
-27365
408477
-291562
-859868
-555359
550962
-790605
344261
-373942
-299905
912305
493698
590942
558024
666927
314831
-174648
35763
-773820
-577155
854118
41902
-640863
615666
-562958
710233
17468
127012
-232988
482068
-785670
478859
-973889
-493350
987727
-53331
31782
976022
372180
-596010
-756971
664038
719286
-260589
-10986
-228919
365034
-522588
-229403
429634
467531
286355
411527
703951
804436
533326
584605
999917
-434760
-329132
-990522
563247
909303
-581668
742284
487278
-894951
-367868
174456
-19472
-269787
-571584
744397
-858324
261873
-456219
649843
673565
269868
739722
676865
822789
635504
-1688
-20769
368689
612876
-328195
11198
244149
-392115
697447
256268
-430024
-208533
501000
-107969
336982
-651526
-251980
890502
-498271
-525109
714950
209304
-7966
-837320
257686
-432214
-665641
10006
383033
387041
-159838
-721528
-884531
-592374
146882
-207572
686100
-564958
-769798
860400
387031
891989
540835
781288
838770
-695579
-447566
-281501
-734622
-966034
585953
-964252
236273
-664790
344492
658453
-227727
413471
-402210
381506
-129530
-460870
612738
-36017
-380477
204553
-828661
-640917
56890
-681845
-58978
-791634
160297
-960047
-226446
-749667
-957250
-344076
380228
-528085
-854807
841788
138420
-139898
-938223
683105
-494194
-794629
-146241
911222
-918171
-749161
893211
-485567
-770623
949193
446616
286751
-894629
541894
613628
-93573
-54936
-810345
-654733
-361360
348814
-399703
750646
-170067
-578591
211552
114871
-821376
-984256
-63193
-654009
-201061
491633
777531
-67213
197760
-613235
-823864
351383
543641
-312046
-276638
-968506
-592016
-412439
-105204
-227288
-617745
-769954
-54920
787540
802836
220997
719694
793809
-377991
-132357
-875032
-957278
345136
-749011
557822
803122
906844
945045
-484084
587997
724178
-21887
-961258
359678
845019
587671
-59966
704938
338
152053
443331
-427807
376021
820321
-276965
430843
-799500
-335572
867530
-110441
788265
412836
375526
-258997
-827283
-488317
899002
-125969
-491008
685307
-682666
315588
-981160
210967
623799
-251210
422635
-559184
-723827
-656941
168919
-658809
936695
887110
576489
885770
539599
609385
-682494
-812745
864983
821031
161637
156673
591655
377869
-426686
779891
-730243
-260504
538341
825423
-636767
-94067
80019
-325840
405612
-97899
319095
-227279
952107
36693
-990009
116768
-662669
-884616
637440
-397385
-845271
192280
530763
554478
-260622
-374860
924033
-933480
438080
348637
-953069
-91169
989949
-491847
35092
-760671
504960
-447501
872946
-633032
994256
223795
517531
177671
400637
-34331
824804
760766
280955
-809497
103239
146196
662153
166404
-9363
993053
-218472
333124
-998237
-5992
867576
794133
-224718
-570308
-290653
-81757
-50999
870757
-939485
-400994
592648
488476
-216649
103239
-617887
-634598
-105068
22385
563300
-320423
614656
882284
943486
141991
592154
-412322
877080
-757366
-702620
-783115
-483604
-359515
-393942
835914
-116908
852205
875715
-411279
629931
527876
-14316
273448
-245143
-954596
-888368
715331
-272031
-669073
160375
-516226
984446
830836
31106
701415
-234583
587353
414273
-642095
-887054
-859803
-406367
-95719
-520193
365406
-619763
-478234
-566698
479679
940830
3905
591120
990692
534501
-32061
982120
412821
779562
127067
-837538
-990996
-83409
-676794
315189
-44553
244597
-796422
448039
442418
231879
272865
-205613
-727470
-607788
-291501
-56806
933280
-768030
516690
874506
-753352
-11387
-275687
645146
-660040
450863
-865320
-107112
-912926
-766862
-365815
571927
-12962
804655
-5846
674994
35377
-955360
-390947
524037
-773274
722032
-242327
955522
-677313
-490986
141839
717436
976554
304310
-827992
193175
-72942
-917714
328152
997879
205759
-32967
-119786
-708280
295631
-918640
646564
-548363
-852456
-532479
221970
-815748
-33013
856787
605272
-315973
-844301
-55955
-217587
287529
670634
-658723
-42199
881261
192928
-900991
-189492
-576360
-971400
-394631
-512923
-97517
-374343
287778
-560735
-342952
765541
-860004
814097
-963147
847077
622797
561903
-22970
750768
730381
564707
736323
-857190
250025
731476
-844736
-342234
-790743
71440
-53392
-702226
894870
765850
-23354
280036
499957
373657
657122
-966285
-910030
-96207
262926
-241104
108147
-325913
421964
4974
306436
-569352
802789
-804964
-608556
-710379
-736214
-6348
30425
163142
-198555
-938198
-566343
165042
-112658
-945670
-316980
-844687
801152
135432
-217919
686142
287531
-692735
-349918
-596379
-163222
868051
-349407
503298
-11732
-981190
-474946
785786
-380344
-431139
-188476
-31582
623331
-347995
-574242
616350
99632
877292
578631
210871
578028
-738981
-277173
-585084
621862
-202288
-165392
-659413
-275757
-323203
871781
481188
-994397
329560
-298977
195308
-465346
983634
228042
-147161
336638
-469391
145437
-64975
480060
214861
962513
-302761
558083
687066
-974720
889229
225993
-37901
889276
-140983
-947956
-875593
-799176
-272904
-801603
-875537
759822
-203404
-961090
815642
867314
-768466
-209859
-595751
904817
-596705
434050
167410
476025
-907398
-173378
-617728
-742414
-795007
-247501
135075
60753
797169
276854
780548
-501677
79081
-319698
499802
-695245
773096
61073
-49961
-312750
318704
668728
278207
384481
783228
39893
-935727
189882
-175044
108346
667156
11028
741514
-450859
463298
-794454
-84139
-76190
66653
265141
-661872
709095
-142817
-846362
801524
334102
-829468
-557723
-466577
58722
644852
44253
-582538
-400724
-815903
910955
329799
-565238
-470490
930615
382014
-989448
-278831
672797
-751142
-890848
520749
-959511
-689686
-363760
-470407
699131
-912854
687636
-264130
371745
723918
445247
-53408
-362622
897834
-570744
391275
-482010
-574074
10388
-64618
-158571
161457
-300429
624229
-233590
263012
-268424
-518072
-454821
175829
-907288
-837279
-864529
687246
-211483
-293824
-452144
52884
-964756
-916500
-660599
628157
-772203
96993
-704659
-981248
817522
-359861
-482790
416996
473324
-608697
610095
560243
955099
-144565
-931080
-454954
711948
263928
313375
-136495
713750
-650868
-550856
-27068
-24062
-903872
-681962
-321787
-653911
8827
-284735
-158714
868663
-471147
-509801
902569
-899653
851101
307396
-62511
29286
-10802
-843282
-511598
-50267
60154
-806485
-968529
785642
-544145
131615
743718
-914783
-795164
610166
-362590
-605452
-278047
-574697
252860
-699705
190273
746498
-804712
759149
523792
771412
-463982
-146811
-218887
-58262
-565744
267024
259875
271955
-738980
-469009
-102607
-401771
-63675
-198997
-451723
-755545
360338
-485412
866999
28768
219839
862090
394529
-434616
-504724
7291
628069
3633
98440
128345
916179
363481
-26815
339232
627732
862385
-115617
91461
-460862
862681
-221183
-587350
442893
682993
-340146
-207258
997555
356236
-183126
-427962
-670343
-590277
-267914
-367276
-755804
-677158
11192
-49963
-262340
582909
-173939
-398473
766586
-462208
994418
-915473
-927290
606554
515564
-834445
901498
138376
633662
-361106
-537167
-860666
479296
642367
-321261
-658870
959056
81938
-156651
-163278
-279006
724663
646214
-399627
16946
294375
-99999
203184
494460
-139816
-463947
773320
-402062
596635
568841
-340110
990121
-763336
484536
-831605
807785
385601
410634
991920
165977
-242114
355436
-257109
-170396
-165590
-833929
318448
-891993
-139388
-55801
-589479
404703
-204943
245035
669010
230990
-662025
477837
821234
-381645
458793
61038
-940691
-479917
-712905
-908302
-523472
-117921
-312846
273602
415283
93237
991710
669275
833388
246193
-103387
-128030
-290233
122682
-608956
-811693
84592
-526689
85277
-231521
119658
554692
128626
845957
664267
-269546
-932744
-416342
-531055
914636
-277276
-752446
-128735
639842
-227265
-897244
981483
-228046
-607961
-68077
917261
158379
-480034
670819
-350833
-501963
971871
38732
696306
-657069
-311464
372905
181873
-773669
-104238
288297
427173
-663092
953934
-118650
-465970
-268883
767252
656230
-265847
504217
-84988
984372
738497
-404565
704681
120736
70102
-104818
-874238
-727791
-680185
749120
127939
-395781
-871861
583587
-38522
-984596
-544585
-812484
685175
-216957
12861
-258742
110531
65168
-413434
963185
3027
562133
483609
-89786
-142458
131942
-550547
-3241
818462
888904
-514171
428190
795140
-834188
400391
480405
787441
-456255
652481
-782769
397217
-455713
-823552
-718945
14883
610394
-767101
-485187
-434565
-534675
-844900
-50180
-984453
-735389
336901
-671815
448828
250077
-474206
835271
677391
-295188
-957381
296434
688951
-849754
-658253
-786458
134869
-529503
-839525
-664457
369855
856256
-602681
292590
600596
-490821
-876358
140732
830128
-313412
-565970
655667
853316
-445637
-691062
377776
-980117
559418
-109724
391853
-910137
568930
-86480
-572089
352808
778143
-270256
-487442
-420196
-513789
-805204
-667781
418735
554334
-514846
635705
916757
-963377
-619309
-394071
878451
791860
-916413
402391
84633
66264
-44814
668722
914435
-475577
-188097
971845
609997
-222845
731388
839076
-121515
601187
-491249
-381527
-344730
-227025
-25781
156506
504250
-501817
640882
-811972
480694
-781616
-626650
-526054
125735
144283
-123187
433332
-840608
976491
-409810
662017
-717119
-318800
560112
571410
-483362
-880509
270292
-723153
16539
-76334
-111848
-133967
-151556
281260
-238361
-516285
-674004
-396387
-2976
-241013
57075
422258
-979787
-789131
-65858
-657886
-782387
-189118
-743859
-474142
96655
-663131
-295683
-642277
259780
-708682
180311
260114
984722
-132198
-947743
-377672
208827
-661710
-496196
-361064
-381806
525460
138041
289930
208612
-654633
-281294
-871721
334189
278725
692475
897551
611199
-542114
230405
-864366
936690
933134
353756
856204
120721
-272217
-751451
-4510
958817
-370177
456712
778184
-250871
-380302
-750331
68685
-442403
635890
928598
648083
-389287
620725
-998917
939134
812396
-996913
-519704
7861
-317414
470291
-301345
792445
-794681
-344269
-835552
241488
-543275
-45835
964780
-611338
380330
-444999
354419
943059
267354
811735
806500
644382
-436877
631317
81599
288413
204140
107364
209689
142817
-300760
-283152
34038
810326
503310
563654
338446
-775499
922226
891624
285913
854907
-58487
467959
884600
29369
-485914
-522984
131155
-88437
149267
-893709
312722
-847604
-630185
-651587
980246
-515133
373998
-673533
670096
812786
72760
541998
821287
142609
255138
-765272
-595046
680416
-129771
681796
-653500
-621536
-36426
626254
585652
-159143
130641
-718143
-985448
-788681
-391580
-640681
-675021
-401999
-915841
-548948
-168043
-801258
336865
-282462
-929250
397511
579586
337953
680101
80535
-173211
234936
264146
962321
382482
-789681
824960
104970
271044
-948654
-96214
-640973
127785
-225585
-559655
-378372
-685898
-310631
-527841
-970466
320356
-780584
680343
-23176
713382
913909
-661267
-585778
-495352
785271
-864638
-143599
182048
-181255
-117677
171706
906663
-664584
560336
-638192
780642
7940
-503381
921680
-644679
-346835
-937688
-668816
-105642
372502
334151
893904
612338
-639253
-141224
-629608
-408623
-13053
-574120
589451
-716585
371725
455938
475509
-768206
851635
243684
-520078
-268319
149280
-90065
-145112
-364099
843115
-666404
-15466
739202
-33335
-626158
-329600
159836
-738245
275224
827406
511280
-223569
998579
93712
966405
999430
-353406
325280
-987899
-841765
21579
659062
-325823
123219
-949484
-291074
580857
262369
-836354
955640
-530891
-682896
208952
-86457
-527170
242867
-710145
603580
-206851
-852163
514084
-574366
572732
-832616
521713
90067
-473509
716450
-881094
-885348
175880
-168888
-175849
930963
-990968
161029
-531919
-693933
-166462
5487
921433
626750
-972905
190198
469146
-322234
-508011
-588249
680863
-193624
-363253
-953520
484018
245651
249475
169941
-811400
186687
-813629
612292
-820451
-176663
-193155
-713974
936104
-480533
508842
469985
-68041
-641927
-977334
-591040
147930
550207
-316491
-548068
565734
-198367
25430
985526
78757
5391
-84577
-945223
-480605
587935
-444753
883824
-977736
-70598
-457514
862635
-708023
438639
828465
-622512
629539
38945
768176
-185710
592021
-733186
210194
-511937
53419
442612
462845
-98798
357118
-639761
-940889
-487130
252897
310476
-399916
145298
-680427
-982357
-207875
165505
183424
-133297
-916033
-59133
-31214
258503
314234
634193
-495241
304544
231579
337813
-227128
-543286
-239954
234991
-433251
546234
870667
-629922
163234
-871646
969566
-851560
227087
-187701
-911714
-840096
130515
-913159
849121
-542644
64419
164518
-428330
359082
528587
-846087
-732039
-46753
-337439
-331154
-37423
-482403
-436029
-127493
-625568
96678
671365
792932
521356
-733748
-485181
-700192
968171
-207263
-788446
986296
-276071
-939852
-930320
555221
-644468
-283307
539449
216830
340922
960001
957880
410891
-304343
-21242
208007
-355690
-845960
-169125
950219
-909361
-321394
284146
860661
-772694
-260336
411307
596758
601234
731584
-948141
801453
934686
264826
778167
348157
-695026
844704
-646191
158546
-200798
901076
578157
807186
-121801
535225
-82694
261615
-11911
624644
3347
167472
-487694
-719757
-146175
761719
-616748
-168775
619896
-165112
-109034
58154
549754
616698
27212
-896658
851491
543946
387621
-584612
269035
10518
6046
-316592
-253853
352956
-564988
-688347
270608
651805
627318
115580
761862
963739
967234
785692
-474121
951520
939031
-125251
-987287
480521
-385392
957025
-53239
459654
-410086
-214738
-897636
587086
925156
-227296
-71797
-881632
-826064
-771178
-715249
-689725
848240
-631975
375319
433162
228381
-467879
920029
552671
-962660
836929
286785
-908835
-173097
652763
-47035
-716910
-576440
-726222
-36607
332468
-96528
108912
55448
-224151
-248054
-375567
117271
694010
620158
361514
436681
488255
-472793
726370
473912
997468
262775
-543175
-327142
-588614
-847199
702679
887473
877899
-326565
310598
-678
-283933
-909307
-442013
455334
-542333
585488
729171
191211
-245088
997732
727529
451907
543885
-192173
-551908
-193683
164153
580521
908965
-460872
-359128
427997
132963
-463072
562797
404863
-272229
-557734
543536
359520
-935007
-771103
504628
40050
-974379
560707
-698754
636005
-238110
790970
-850401
-662720
-853280
-700862
-447000
-632526
96604
694626
-395696
-695635
-932921
647636
178848
-420769
-962559
-358689
302794
608604
-222654
-138980
986241
962267
-773087
71167
-257624
916082
321987
-357602
837438
832749
368274
63591
-878801
343810
-465037
941209
912559
204903
-298903
55492
324957
-454759
-795118
672546
-248802
650126
-29527
880859
-400212
-761487
-815621
944361
992335
-569794
460648
835257
82741
860936
345317
925877
-944661
960957
634389
-390764
199686
756319
131975
378270
-46850
33891
44798
-702857
783951
778937
213382
-484879
225045
-710725
213834
-766006
-582206
117489
290697
-205174
230318
664930
876166
-82627
199911
542467
-849687
786141
-508430
-234453
321255
551365
911619
-571971
-334863
-272758
-790478
-135786
791566
-560342
777177
502702
-757082
271663
717100
1674
480560
46538
-202798
796275
250033
-628244
856364
106014
443066
-906205
-797203
-538783
-629969
-403756
-482094
605573
-275837
788995
-765964
586224
-94355
73792
-497048
664304
561945
254030
-260696
-991868
273332
-119042
-505897
280227
625488
-762060
133310
601609
-905089
958325
-624139
-30184
50348
719328
823302
-99782
-816641
-270340
-807112
-400354
848230
-282680
778596
-309179
-433487
-102540
-56436
991045
-109510
588979
598626
54735
410131
362100
-994929
576770
-440653
-789681
-819202
394865
670130
-778729
145181
20459
256976
-296464
633366
301931
741202
-221177
-850467
959802
147158
-878173
940162
149906
-589221
627642
-386573
472462
360847
861829
-10053
59088
-43484
-940320
381545
-321037
279189
-91295
-680334
-939043
874581
523885
587352
-510940
-85284
80032
-101755
-466386
-236601
700304
366442
132513
-963712
-772359
82908
-496058
867780
-642914
-373663
283161
786667
86971
637462
888170
-493814
507656
-33985
-90859
-906431
-199982
497451
-322181
799690
-512739
-621724
-36712
-798010
423580
809122
-672783
-828990
-193690
398982
-959114
-162032
-889461
693389
-925588
-566225
669934
-367489
184926
-88482
19023
-160369
-401995
415801
428693
-378172
344883
-17734
716698
-401557
555128
-760945
105084
899833
74979
46513
-361043
636286
433868
949940
-939778
29579
606625
-537515
-256693
-327368
-612871
-722257
-310245
-363125
-322294
717882
614510
-148225
-92829
-476386
-981669
-655576
-416110
-4189
386217
59290
-732497
422729
863382
401759
-332244
523514
-2980
-276067
-400939
371835
211652
105233
-204267
530804
-866999
505429
173440
-954070
311546
-397221
-868806
-86066
-883283
65328
-157422
605355
668913
-772050
-842449
-147249
821599
-416292
51916
-426207
292928
171860
-336600
-64864
943040
-581446
-550159
-251362
565157
500055
-852049
157019
819794
-430763
-577341
-931195
99010
906814
-365417
-834353
320116
-215306
936027
361475
-672273
621147
-535063
-470023
447638
336678
304230
724636
-337307
-14603
-9764
-446821
-72703
893143
755330
303827
-985466
742037
-953258
-532229
-148316
924055
779489
365087
-481585
-547429
282038
-611632
523447
299989
196217
-380148
-893864
821110
-480055
-531694
-134642
-101106
-633318
303851
-22525
-533691
66418
740267
819484
87258
254167
687089
944306
-9443
303115
91845
-421132
67499
520380
639197
-764785
393170
966105
140357
-148698
857921
-351962
595172
-923781
613793
203077
-43677
-327887
820451
109477
-2776
-531642
-817904
-717315
409787
-174506
-787398
-780832
958790
649231
-870879
8451
83706
166244
830972
594362
-190177
776019
694534
494213
847838
649547
-790450
636991
518197
-329259
-322485
362785
-817655
109596
926442
161173
-849485
930746
-403841
-167819
251062
-421299
-721012
-912397
493836
630683
341523
564699
280448
18622
192249
626966
-761611
-120215
337386
155825
-126795
72267
172409
706722
970923
599187
-424794
245677
927195
-87389
-87692
-817349
684147
-882283
-416354
332262
-873167
-694389
151425
952484
-798802
-79951
573315
992572
-711749
800007
-599983
271736
468869
-883357
-169893
642179
-542297
667508
-174768
688410
790486
784995
922054
-662212
336681
-942403
463304
473782
132908
-165245
-853775
-448559
-236963
973782
836107
-860359
-827695
-554935
-70897
-815989
13530
-214915
-924024
-502046
-287033
-21320
160572
7102
-143049
487996
769661
-720588
45286
195389
401686
586129
391350
974639
-321957
-788489
125719
-93714
12642
-987179
-675307
-259761
567983
612395
-731516
-533414
-702965
-635127
-678507
-87757
-904085
309572
-269435
487793
-364289
2956
-216863
640073
-48677
194222
-250351
309775
-69347
36690
277650
-843155
-441674
175653
-628374
-84902
-358208
11122
-172336
-353694
-289784
212570
-106948
304059
-766607
-263750
248590
274397
-121167
-996794
-223055
955554
-264961
900552
-694622
-163345
634963
-449647
141271
597232
-712454
-886050
-666009
83794
362265
682127
-482979
519170
719665
765150
422962
245630
211243
719958
738497
-56184
767970
278850
725406
-521087
-546211
-471042
-923252
205014
-400091
719864
-400100
-813266
-454178
-896157
614080
827162
468671
794391
-336119
-762908
-789312
444778
-815613
-164332
-517731
-82096
408025
-638448
887183
-865801
-904877
-515578
585714
-351959
-169519
30177
-446716
3819
-464383
808248
136959
834113
-887819
-720560
-981610
-661287
277331
-535972
-57437
733608
177113
424798
-617735
799468
497406
75854
-304347
-248847
-91345
-331252
539868
710459
306067
-778435
800408
-549264
-524168
-834807
-998920
-102953
-240528
775040
551242
-645658
-494265
-101778
-782050
-593735
209269
889309
132237
685135
-481953
878435
262052
991383
32732
-892544
-532598
-721635
-746499
285355
916834
305424
-489231
756040
567288
-145733
576523
498185
71785
247764
393447
157017
-401512
332450
59362
-550226
813378
935802
-69224
355738
191709
107812
264959
221409
-154283
197166
797200
-752946
-250022
215961
492502
113587
373937
-454565
671078
-431481
-86288
-348096
-344179
853500
326392
-794824
667
913972
-514746
259925
355846
-64005
656732
366632
457520
-630235
-845456
-927812
-965689
996560
942236
11081
-711389
-365235
501564
-703793
845054
49233
757298
652995
-883550
-977162
360463
325307
-467377
-922186
830200
-577706
515047
-460958
-627225
891182
-288261
-522759
754708
389017
-150199
-453373
-431282
-647903
-992650
350795
930065
730286
-3665
-35693
-870605
318976
-529021
-913515
-273561
753379
939389
60640
142685
561392
-241738
-931683
823702
-333526
-121607
-639727
-460450
-690459
294843
521392
-154548
-979774
810899
638048
-657711
-586809
85242
19808
362724
-88036
-303891
-601072
-383051
-685941
-228078
-74413
-970773
345943
-733998
-948457
133857
134483
-532492
227450
-562405
953
-648531
-422785
-948246
-173027
653290
723414
168531
-520990
968017
540595
-81984
544882
-854610
-675125
507205
396002
-857430
-921504
-66698
745681
-65487
376176
230905
-673958
907061
983837
-855323
104664
338372
-64068
356855
-221802
830962
898897
-807371
-401077
171399
758951
539662
812842
526861
-35615
953325
850359
57078
387820
137935
-698193
-419548
189505
815644
-605510
-62234
656007
222543
592760
-394714
910902
734650
660399
972419
509384
100462
-975629
788642
-553644
-597533
150886
28176
-493965
-39135
-374395
652955
-999482
-967971
-784711
621176
548443
358454
-737262
529211
-474392
-511924
856411
-347524
246467
649945
390351
-306051
105605
114828
-72148
-199432
995395
247670
-580673
303541
662092
462161
8102
851407
431919
-980199
-197473
601453
-439555
860268
452061
841083
709841
289451
-171861
-361793
-299006
887004
319871
-872022
-95510
300882
690984
947227
-763302
-723127
724772
966788
109658
-687376
879842
216773
-317550
797345
637431
101702
686024
-70283
-975132
124914
-892264
865653
-446972
742625
-698412
-782060
291892
-697004
-571036
38190
323106
-772999
187740
-481898
-268260
-968385
-519773
-508423
-524934
-8225
-418535
597254
-860753
-70762
-951064
125353
-981634
-236692
591066
773192
-769266
-569222
-371562
-552432
-563532
-374866
493225
723792
-76831
-996085
-194371
694530
-134361
-607976
-465956
-885900
855702
-772901
889138
-916305
941306
513639
-123178
180980
869781
-780152
-560019
-225880
13379
761114
-780148
-199446
308848
-300071
-527755
-289864
-441347
618731
28930
442134
-515698
-115389
-462657
962591
-655012
540885
631835
-956184
350802
804365
244804
922640
212346
582025
774541
689357
650495
745851
561450
561404
-927497
217979
-589496
-285641
-943944
-985042
-201924
436701
-849839
-203051
-369075
-283955
947488
-502296
-976474
475526
555829
-446205
381069
201705
-643847
-808292
816675
-690390
-916600
887239
-176215
-720323
-809967
637522
116401
250837
-594122
-568149
-138158
999686
-569635
968242
200942
-891648
-996019
-575341
358428
-782781
988263
-689368
-2208
-799256
-306162
-704786
-910819
64653
-285923
-223548
-573805
-750586
516304
-992848
701005
-969864
570296
-207094
112112
909843
543671
-861095
-635000
-103423
961948
205771
-498590
771789
434815
776237
391153
-441383
-400531
882141
550457
675627
-348444
-971164
-676374
373528
998088
-104041
653182
771008
-497992
956838
195815
-857106
442758
478616
-867138
589410
-868208
378484
162312
755205
578251
262317
479696
-226835
843806
342675
52461
-753099
70064
-691253
-115840
444618
-90278
-395229
565234
896240
-845056
429413
-411537
746013
-115450
9638
-125089
364680
-958758
705356
-756536
799138
-216564
-203914
-385822
-194588
-396919
838069
-101669
-509434
498894
219922
368677
-41499
-137041
-693836
-676928
766606
-14018
614909
-330857
-125415
833649
-704581
597495
-652817
295004
719320
-718650
-642176
363173
-643538
-223715
-759468
116680
-487926
529041
806140
845726
-244019
781517
-539731
-368761
-151671
-894701
349217
775828
845171
-765115
-540560
330082
-290393
255528
656846
-740567
-661886
445106
-946261
995095
-32937
592173
558835
190872
480048
-736612
-481168
955174
-123937
-836355
528644
335542
-432406
398226
-241203
-296036
913822
493608
916912
-997372
699249
-631460
429968
-795370
155755
-589979
870397
-134143
699668
150012
-484221
-329074
875528
803861
418146
-655566
-943105
360101
-85967
482894
668116
975174
-16194
511873
-356797
-657112
270321
752635
-389632
650157
-467947
-215151
350231
-66254
-942396
204755
-327706
-914254
-567164
-131956
957033
-272379
198751
-624304
-898513
536076
-182361
189577
-534138
492806
-610844
-206462
-722023
-357689
998379
-76366
95791
-605695
-338166
-784527
-413155
-994259
573312
-923923
-745393
-561060
-517435
798576
-812962
-769499
943263
330859
74592
638362
-993499
-941533
133811
579726
46527
-812112
-337719
317184
893746
-717945
364651
-883405
-733885
-394477
856627
806174
928286
-26560
-152821
214629
-235681
-177098
229273
-20761
608723
-575454
298059
-420084
596332
-650068
608189
501310
-933737
821095
312779
-494656
-194041
848281
-292051
-640516
584203
-594403
-66483
-493169
-122626
-349448
-990935
-245981
264494
-789120
-139465
-606917
-584160
-579326
556144
-170771
-739567
-883882
-423667
618986
217141
-878865
642961
-310414
126484
898165
-137647
588032
-277239
-707044
318209
419848
284333
112825
-417694
-404634
-117843
-766855
386807
624613
140308
-190073
328459
35295
750444
561437
-593595
165359
-994374
-306215
-616057
-19851
613733
236420
389208
1039
254121
380635
743031
-823834
-146116
374484
334165
89965
325298
519209
-424677
21857
-871059
-632660
332874
-613182
-572052
-373219
-672757
932786
-389195
458733
-794206
479305
170683
691466
934629
-803345
179145
557439
531162
672991
344578
383233
-355765
-789770
-564331
-514015
127944
773334
223023
481003
175456
-435240
454734
-893313
-631166
-992080
-120662
555543
-763536
-856257
23699
814818
-108432
299577
532016
-627571
-100859
-134231
-775659
-48635
895937
-795316
-930612
513353
-24577
-839918
-563868
-816792
-988923
38945
665074
222666
-236771
-264199
611496
490681
-227897
755613
-594563
957483
-657603
823606
823054
-327674
442567
950079
196197
746638
-612775
-653374
-765079
705944
-707911
251643
169490
871084
-354166
244104
439656
288934
-56838
445820
373752
661724
710456
313203
-390341
30683
-55898
134385
-138742
615376
-689720
920891
-145937
-754952
-251697
-854257
-767031
976617
659912
418300
-839757
918274
-564805
655359
-845054
1723
-736563
-205850
-875201
-280873
230709
318749
272908
350706
-152042
998663
-884656
-338146
677385
724477
-266247
-446684
415819
754633
680765
-128334
150338
681026
970436
922502
-709388
743848
-744498
533409
-33775
82828
658060
412171
-939658
-172246
292458
-279946
276934
583599
-62384
124893
612928
-989729
749412
254876
-756246
838107
775139
43390
928204
-635837
-972110
-708985
541832
547382
417594
113638
817130
-128128
154847
-813837
-631900
930291
-27207
673199
276378
-671103
299828
-561892
872977
815110
798760
583161
976733
519422
-731898
-565241
-861618
52735
147802
-340075
572899
589615
989972
182214
-737260
520707
-396531
157353
-345735
489806
-598087
-581034
398271
143801
534667
-36006
266385
-420632
203493
50270
773129
-515489
-764598
-974389
851611
752033
199491
-120372
154677
-238875
-614096
-468735
-281473
285754
-199982
-923527
-986077
-320761
532325
-380437
-237442
-336124
-68786
-24689
-760859
-278484
-668639
-695198
-993731
648803
-424507
201262
-174821
187478
872161
-773536
-99712
626897
563395
-149643
770366
941290
-932659
-774375
-468509
487107
1460
501938
-250425
-711064
-436984
-345263
408980
-478280
-52692
668060
-407356
629623
986158
25619
626566
102710
4470
-672021
173019
-555055
494327
837131
717922
373654
447312
633364
-913644
637758
-571719
-137973
-60652
-612615
234457
-83516
-500689
-988020
-582616
-692859
613156
99305
-996247
588522
311436
650387
487352
-634451
256833
855179
-343764
294457
-313853
266544
-688160
-7479
446657
-930526
826846
-220849
-544520
577511
744999
413658
-691957
853448
-232518
-33586
-946589
669852
-525151
391292
-36184
-717681
425512
836655
368810
325761
-103944
693088
386448
725753
314234
-556212
875951
-410097
228710
553452
-4764
-331026
945488
264568
74098
350547
13550
661010
-888282
739730
-890678
704168
421724
-83510
-266598
331291
523371
-616727
619530
450860
408152
-911781
178571
-504208
227736
637183
-280051
-203366
-113827
648017
636797
-979853
875700
201102
127172
193677
589090
400607
532431
825113
-677196
526803
-5024
982758
-249030
148780
-96501
295195
-258127
143036
-556706
117190
-73343
-337342
362621
-52809
-925564
-640773
-90674
145307
321670
18658
355804
541383
-868265
205187
431296
-693170
48003
-135291
-358076
518921
568460
-550816
-452037
-443571
6622
-862346
-125255
129
-898033
-946976
-504642
571768
-633879
-917576
-550974
-577724
396807
13532
16472
458271
214581
-717872
-443810
-594527
820162
143900
74930
-170766
357930
284424
-872792
-220143
-205311
-261122
-883691
889395
926591
944932
-271608
-255219
-809323
58403
654476
-62946
-87753
279647
-210273
527062
670085
-889838
-936619
387339
397951
-734261
542942
945155
108141
262930
723981
547901
552215
664809
-783742
-742494
984635
101600
-868346
-678223
369016
513218
866508
-60595
323179
89366
324122
743739
221531
203262
-703291
447114
-818271
976035
-545876
167675
-911969
-415429
985383
828404
-444930
750754
902065
-586315
-480170
364042
-26384
-800298
880992
434097
-463872
-635642
-620433
51992
443199
957999
557296
-717429
-427311
-855743
-65741
-492995
-740148
578972
44627
-316989
-543846
-275592
-409648
8453
443279
-691213
-710432
-359089
92488
-964764
-37693
-167117
522336
-151392
-474988
-986596
532215
636968
-164746
-644394
-534184
-146323
-992373
-766106
871522
654518
545089
-60790
965405
-168270
-857042
716654
-530841
62887
-653093
-69560
253051
436147
-758117
-290401
534424
640401
-826849
101580
-878726
-748046
142140
-868350
-144828
358249
-906547
695193
-198295
-759853
-248914
681281
471723
596649
470167
612519
60717
-665776
-967164
512101
-654504
-498724
57001
-268329
677334
381855
-903125
-708116
-565566
-393771
494515
50607
-402961
-788922
252431
240009
825551
207603
137701
-104881
262132
999606
-278429
217110
883748
-660049
-315372
579395
380232
795354
320474
762037
410967
-372892
-506759
919823
-155688
-360153
976564
141651
-358030
211147
-81236
839049
647132
318585
611337
-609525
418899
-826758
-903144
238019
597185
-319838
-258491
988441
-97231
-323993
-57125
-655459
-329257
-413046
-380928
543034
-104099
381217
177715
973278
938889
-790865
-340086
-362560
353569
-592481
99621
476734
-767077
-227712
221562
-354910
850274
202160
929467
-471414
647639
-805367
848678
-672845
-194791
272920
-717532
-524442
307833
-295487
-802616
773768
296882
-811896
-815422
-791131
-525948
-53965
-5801
812107
-249281
-679618
138860
-639025
-865149
-247283
316791
-541816
-432995
527824
-53150
409240
-213120
727496
75102
-174114
769112
-430350
-325927
454946
-704713
154185
-814521
-406185
-797709
-548329
-158554
956274
178611
-487947
631911
611627
384295
-958486
-143685
895129
-973287
852254
-815311
-695215
286246
222190
186615
-117351
445796
632023
312793
807389
-393963
452995
51231
-323667
4429
251590
19063
233510
-165786
479182
-143970
-248857
-133894
-57213
840837
-589836
451453
711829
741897
-803280
-244557
-213121
-370784
930159
-901268
183010
-465773
158582
-766524
-449896
-837192
-785229
835540
-865133
923671
-768942
-397835
-981638
470556
781997
-949746
859462
484172
-399633
-881481
-217428
491025
61960
-129041
-80675
917723
-281415
-703336
981624
424020
-259417
-478833
234996
580110
390494
226559
-784434
-817729
50516
86866
789340
881732
746654
-8638
-198305
33160
741941
-822615
-365348
-917779
180682
831467
-759957
262440
-828990
984473
839183
-130512
84924
-313481
189974
-259573
152295
-987845
-767025
-567271
174219
381918
-278398
-750268
719965
285729
-228802
539453
116991
824180
-374164
611644
-333187
88241
994612
-681121
819905
-855206
-412036
-399377
155093
-233967
477751
554351
688924
181092
457085
-852183
-246125
-68796
483809
-538206
991418
-9586
435631
-806000
568008
537119
50874
-476536
435313
355415
-446443
-630747
95392
691497
-582813
738151
-897142
615848
-933392
290518
543324
-962038
-44900
871374
-16743
-217494
951110
122588
173926
591962
900192
442679
-494919
77007
609992
-974377
-387554
-377983
182140
233743
-581762
-666700
-960973
-334391
-755170
490633
-97358
-648368
407851
-862116
756105
-650419
-400082
821847
-363443
-573246
368548
-525704
384773
-562679
-143706
998471
-88989
503547
-50139
261541
-388678
-584404
754083
867779
412959
880170
-34211
-796629
-624088
-166606
264426
709666
620145
-102442
937281
-175244
-160616
503818
536724
-118095
220093
-11426
-775910
-773431
-993872
-61388
768349
195008
189382
-254513
557578
360823
398041
300716
-622998
245580
130412
-817920
-548423
439273
663785
458358
-378628
731215
-247265
-339147
-495922
-114842
43608
344817
491224
-489223
-613927
-720069
-901942
693576
353423
-419618
441900
663686
322239
-742284
-645222
701294
421986
-987095
-814003
756604
-917579
757694
-495199
647963
384764
273171
580551
-999267
324248
-387620
-470890
-954796
670005
690687
-263244
-866451
-366844
450675
-449266
-903641
-315389
-723568
350733
529428
-323019
-496622
-712618
493492
-303550
651519
-336945
835174
-559853
-700162
-577533
-701251
-316519
-62091
-511033
417734
782861
-532578
-536438
766143
-685369
-588745
225777
-692985
-338252
23865
860754
612583
-811198
305478
-600768
-173227
-290054
-402128
-225894
72729
437348
578352
127172
481116
-98263
-844053
-708686
991387
-548693
-836088
-260515
845511
-921846
354754
-964292
-798581
-395506
82552
-686564
-490259
-850968
-575636
-551152
-560051
51432
-993081
639195
941999
775548
570191
-503408
-213858
-435304
365804
-121950
-675120
301871
-547935
-209927
-295185
485067
426155
-402997
-116829
94893
-619531
-577162
652530
-640173
-24315
525419
31967
-59478
-865391
-842556
161856
2941
795902
-896444
-153778
-973223
229467
85956
-765791
-317541
376150
-246379
765361
-394135
-957521
732522
-243984
-999205
192249
-551211
-82887
-963157
992052
-33084
-576002
870281
-9458
766493
388310
914930
-310462
-513798
228790
84196
10663
-109322
658679
717974
-56319
-30389
763866
-498003
20720
370884
-336631
395901
-606671
620598
173178
343793
627661
-430341
-535835
-919127
388009
594037
-820443
-274938
140448
-394242
-780473
-984864
-123371
777541
-896950
830774
864351
-537709
345970
264703
-833212
766017
713562
326124
104900
759097
-896756
-686847
461942
603936
230453
-672217
462355
715867
747143
-24910
365006
86128
-973199
-750989
31008
-98613
-797791
486419
-948712
751248
-363412
-811294
726084
-82800
-171714
804860
-899867
-148529
855351
-516656
326913
929365
710484
591501
961773
-966171
319327
933975
809963
854859
-217060
687517
-267107
-504148
588065
-544180
186632
-643845
-19798
543261
-779606
-454286
-284698
469457
759842
-48348
739377
-461185
-399517
-748171
-398046
842525
-304106
-476325
-196084
335081
426872
-312456
-119337
548981
887163
989288
23133
-789981
-924217
25303
-210912
-696213
-931632
-504884
-385989
687877
413040
-307923
-995998
966310
166337
-189748
136890
-779721
-119707
-627255
157862
403871
778426
-510442
115389
74078
-612638
-723852
-206481
937116
926358
480403
587680
255102
-215774
-789852
-566153
-927563
35069
98099
-708563
151022
221630
335951
240852
628218
965329
-396845
-830863
42533
-271027
709357
91433
-241210
707142
86450
472861
473554
-202723
452048
798903
-743494
575136
-36326
537435
653509
-455049
-647897
402728
785202
-390443
498074
-919951
564349
42642
-495674
305649
-910454
-952228
716313
-694855
-148255
685102
638454
303683
-563052
319098
142952
-538491
-744679
104106
853207
906275
-396500
19392
543945
-894080
837196
239311
-810404
-902501
-781028
-121923
193374
946301
778893
728381
-592960
-100133
825274
268159
433131
-627425
-987414
-977536
180372
-840541
246688
662294
-377034
-351952
550608
-480622
-124106
-968446
-652313
873015
-291532
95654
921565
462848
366830
-805916
608564
466320
357782
936238
-987950
851071
-868128
326813
286287
-213218
-325109
-803875
-378556
-316384
-457371
-83465
-944666
-779753
-844756
880676
98014
776280
-172185
-909501
673130
-918452
-545995
56475
585090
-657078
-982271
-830410
900114
418640
301497
814926
-833681
656825
375182
-825920
-86279
-134874
-559561
158549
-939655
229517
788630
923975
-248711
-176743
733964
-924172
405608
618312
-122583
-698427
27669
-854119
182433
573137
-415857
-565192
9708
577733
414301
150413
394396
521996
446539
-615913
-532133
528607
-513976
-796883
379162
-833539
-519903
-196910
-944846
473824
525885
292289
48173
-916070
644230
556619
-656342
334833
-729325
10608
-26721
987554
112868
-841187
18747
-859302
97189
-234588
-697725
-695359
-861253
-975585
-726977
647994
-174608
-871201
747162
-972735
108199
-758223
-103918
-315247
671374
316943
-232601
307137
-322244
-283320
-908393
926989
-958764
-82582
12644
199556
-3903
-167943
612208
-945534
-496672
163285
453274
950821
-866081
958838
-42838
266300
220396
-603199
337705
-740175
-384599
816562
-189841
381474
662384
-306022
773436
-99322
745563
-215778
368936
766899
-547002
621061
-362296
713369
-511449
-455828
-314803
236624
542887
-161961
538714
655119
-46981
549536
-638363
574129
-723395
493202
-208238
264759
915066
-796095
-292863
124322
-822164
377788
946242
-137456
970738
-416248
890147
-821903
-448364
295934
-44551
-735110
68005
-304738
-393314
-671665
643199
524336
856036
414830
594972
-201760
-28589
646513
478806
-833914
757063
-705915
174253
197426
-522396
80081
600126
-277886
-68235
541685
71476
58585
926336
651443
-441415
-599201
-826062
-424759
-216980
-620303
211560
-80250
823180
-604244
-77380
-304013
-895070
683872
-918309
-643886
503609
-587236
-543713
805801
624772
496659
121156
-32223
-534470
-29203
-599160
-372304
-698630
704945
-617486
-875346
293038
-656417
-114065
-863417
671594
-938913
806598
953921
781719
-525574
706952
-885198
-509273
-946422
-8428
-676131
-150147
-26894
279422
83825
378314
-657982
451622
714044
206697
-706643
435682
100656
194121
303821
-323740
-512725
466900
398098
815263
-294105
-61253
645975
-351727
-306762
-268219
-130285
-155866
-257630
951749
-666371
978669
-642441
-842706
-223685
-972200
94390
-432905
-318724
466554
167280
-32083
-848237
-875150
503442
-550802
-485659
663333
602724
625672
878042
-948395
-67985
287875
-555558
140194
201280
-688173
469416
6026
298576
675809
88403
-332776
569070
-26361
659313
-977157
968505
-756970
526225
-880014
-51585
746586
-243827
-675074
-613319
-100019
-294304
-682715
-815003
-368487
133307
-980959
792188
937769
260194
449173
-584272
-558429
-2262
-783221
156003
-628552
-421840
-487558
488114
436514
-458671
-691841
-940305
654278
187849
-314819
315223
891592
378486
-44273
928748
-495917
886286
-991969
-432353
-636769
282674
930630
593266
-551770
828107
-390652
439737
-501007
491430
905816
427458
-643070
-306635
-738482
976108
-127648
-67061
98831
353094
-856388
148517
-970032
370999
601804
95346
-951258
984425
-528377
977501
896814
-188754
191417
-106375
308290
-567882
-816681
269268
-668888
986332
-161637
-55712
-846064
338274
-462973
426045
-69123
419319
746028
869507
-273765
84279
20285
-92229
-862232
-754370
243154
-698248
534534
-927242
814497
842240
-573776
-643811
-253332
-89524
-740542
-829129
-213476
-818386
-835903
-663698
-839025
136855
-215166
-352488
12748
690834
-801627
-676049
-200251
912704
-967119
138958
884325
569972
-428371
-4593
820280
709405
-660795
-452829
446541
725436
284601
190974
187682
-390853
-535917
-817325
-683949
-870172
148854
477557
292947
-39156
-350975
-608821
-930362
576655
160013
617573
-150560
-209093
389684
-541639
-258105
484679
-629566
730318
-217136
673089
28756
683976
559778
-432336
-385875
32497
24649
-485653
-546511
-778665
366932
246974
-817456
37412
12072
804728
388275
380720
685240
17935
414512
438785
589263
-514533
710305
740781
-801976
-671097
186873
-543456
118535
925453
69901
378970
-989828
-927644
-220709
463274
846084
-493236
191352
-925087
223681
-95561
128932
-729770
990236
68603
225427
-451444
-179074
-943223
-433652
770644
-286555
970827
-17263
-304980
-741452
959763
151682
114644
-36340
-835293
-910459
595592
852302
-296543
-386216
-349206
259255
-436977
384902
227175
637137
892118
-411630
342521
485259
-855191
595102
276982
-458502
-486778
380695
-329485
832520
-395995
253328
-226828
215050
-982818
380624
-381739
-437980
558604
-252269
650753
484376
-936773
781198
368160
-507021
-571818
541392
802137
860812
205856
-987460
794494
142964
781882
711758
-141122
-570815
488072
28123
16956
827303
-444672
699504
967877
145721
512809
102094
-880765
-888223
397548
41506
-227568
979396
227217
687804
535921
-912135
157962
-643965
-829213
604097
-610318
462995
70063
17337
-853455
-726842
-382922
749949
914108
165408
-305130
838208
46694
-155614
-454892
-259154
-110477
108516
-10578
-300170
-654031
-61769
581369
-100852
-646670
-697927
17605
489060
186489
552915
-95059
457425
-24361
-626410
-616833
378295
-816834
662047
-413961
-830419
-852275
-2307
363495
304189
-61785
-827960
-152184
-430440
-933515
-207803
136784
-494477
881831
19193
-38749
-975362
359064
518580
532538
-775552
866180
-361406
467321
-119123
-117043
726399
949188
-547299
-56450
-826089
-353379
481483
735152
-879139
375453
825875
372461
191767
762844
646381
184491
69673
-249097
443989
-179866
-955565
-15719
148334
546317
794503
479830
209181
969695
548745
675210
-115456
121327
-174604
-385854
500197
526315
-388246
346378
563648
-92277
308482
20747
-691653
124022
-745690
-444125
-417823
-482623
530212
18575
646528
863281
109587
353184
-363309
-40806
267967
-644982
408489
254238
-99216
-210159
-814280
-377358
698161
-780949
-817862
548030
250010
642146
-674600
-583219
-647140
-455415
278644
909800
-426398
-70893
801764
358836
359962
-848265
335493
671475
-884601
-356405
-667053
-28184
874675
-764817
-986272
898408
-526907
778437
150290
11784
-294235
-123610
-279505
914947
788660
606395
574422
119769
-696840
933687
-474235
350394
867526
373373
-231826
212676
205112
-75421
-673731
-80726
-330954
-929054
96052
158963
38211
832523
-321838
-853407
757734
535658
-136523
-228724
989137
-703827
-525115
-353979
-5710
969502
865353
-982084
-659301
-749016
959054
-42058
611891
-878854
526778
137467
-273591
-631071
641390
-930526
-747682
45872
308350
-478590
858771
-553624
-814650
130886
-75434
-29190
191119
-661292
397040
-423982
-898095
-881032
963793
-423557
831815
-971777
-474257
-413477
-922046
636265
490624
-332987
-201471
738652
-413260
-547049
577039
-219253
322038
777812
804978
78499
-333283
565506
-404741
-273934
728912
454296
-126941
-655605
388398
-779553
455690
350415
679412
476828
366013
984489
108583
675098
-866474
690599
-303008
-110152
876933
-371650
-199204
-300476
-3547
-787088
-579864
726181
715735
-131959
-538077
-898772
-148052
-580959
-162300
138869
-38648
-667892
-126513
862298
385512
-551429
119959
956796
-105586
665090
-481830
229398
-432705
88218
-529902
268374
974442
-723229
-309251
-516440
-401663
466238
-659959
861510
-82846
-334721
251612
638490
829597
-197261
304431
30766
981230
395220
588764
620896
807262
492264
100647
-385574
-41708
-509992
120335
549624
879227
430451
173595
-38841
-670135
-756513
443814
922922
-496169
-692468
-848605
555602
305015
788353
239863
483906
772853
710688
741780
-230694
-650863
106593
274536
-318000
-585629
-756548
95058
509826
312612
-146618
271430
50762
730145
670300
598422
-732643
36069
-544291
-719598
-438927
-936003
-788794
327541
36542
-983447
953581
-58522
928906
-329188
-783720
328919
-982346
969145
-155223
-266052
-419782
-457268
-375621
-398268
190285
-250176
-381970
-706705
-399997
902457
-900197
572675
-297653
796488
654301
-903042
-417160
-15480
112658
16072
-744009
-971422
-568126
-316433
503842
101669
-582388
326006
-388089
510510
380593
224218
533093
452525
229029
-315288
-908956
-505262
691273
727744
-390116
550982
778561
-537683
685649
-965260
-743963
-933044
284676
-80122
-696307
841912
746465
-897291
986642
-84811
831541
-371283
-984159
-421051
-128564
955907
825592
487464
-646054
-645004
-464448
-221268
965128
-964550
-740977
-968753
791847
861972
-465733
-569985
-803906
391628
492017
929149
516127
197529
366209
-730722
792126
225582
852329
194793
-573404
338087
-984689
-846819
-812204
-504557
-766275
39277
-27717
-436601
-532030
-858865
785182
-311023
-922949
-642455
74210
-811457
-995982
649207
-871342
-479370
-126048
-88967
-689054
-313993
-881719
-622733
-780938
568916
333973
700930
-321556
-457668
-913502
-894694
506502
-918307
-536512
670981
756836
932644
-988747
-646114
690191
472021
769040
26036
618882
526619
24126
408333
-533830
-336806
-878697
-867890
405394
696813
-559499
-123966
459520
-711039
-367561
142132
-786682
263777
-512538
240546
-571192
250208
-363149
629522
-23151
169580
996534
-496575
388457
-424622
-813986
-79728
733546
200643
-153003
951179
-405679
141746
-206135
905667
-964007
-911412
-596370
159056
-386390
-590770
409067
887726
-685709
512677
653090
268124
493944
270998
-106443
-585984
812766
212631
115190
-366566
-181242
-959115
-820434
-825637
372870
646765
-625035
895344
-665008
-451639
556424
5365
853633
231819
26033
103702
685591
449500
873770
790951
-522801
472558
233744
-512556
-648361
-519230
811919
-611340
871577
-592112
-417881
-363869
-957609
-433844
956337
547648
379684
-806867
140118
-841412
374267
-893078
518427
-284232
-948653
-814002
24268
-776503
-564716
908262
-755337
-965540
721700
-690553
275235
-963489
733679
929218
-186163
-198954
-499933
-337674
-596914
433443
304513
-388876
213962
863271
-604309
897448
878964
-312204
-698989
747084
352458
115764
67810
237275
-138281
143785
-894216
369411
-84258
17714
431088
-331857
118848
28756
893258
-278972
-569448
-650005
882799
-142415
-55364
60143
748071
116523
337237
456954
-936833
-565815
786764
-869978
-316315
898313
86201
352155
175868
46629
-562068
321540
-473683
372995
691067
349855
-119298
212635
90192
-100451
579491
347920
-621236
940015
-835490
741013
-732516
942721
-888056
842821
579834
987275
-591214
579775
-709920
-59641
-191490
497044
-870631
499776
-5746
-693470
98212
-817492
97852
-398640
787952
68030
731294
-360785
954999
906290
566593
164808
-8370
-608923
781558
-219858
229092
-536546
-818328
-207607
398075
-115485
-554027
816185
163340
446075
-435529
-52010
-179750
-591102
653193
327555
-307725
-377459
967330
-429332
-758156
71919
-187049
362028
124273
-964017
-15101
554569
-923274
-279029
-888737
357480
586275
-957385
-981301
-630642
855788
150685
936565
817404
-794059
284518
-118994
-363902
780824
328462
-704432
118612
526475
70874
-111189
423772
-355862
-712733
-191611
-785130
-137444
628388
136926
-621836
-754661
-409364
-505156
-842887
816540
-769852
-382704
352010
-923042
322935
-247861
35377
-876974
131080
-380075
281243
-867467
614776
263244
-336782
-675213
-546684
-888285
650662
-975366
-321378
43141
128124
498722
-888218
731507
-66837
-379202
194937
-852672
-245322
-704902
-628305
-148158
814000
-725804
-971161
-956845
-549198
818768
683329
-897034
940656
175709
970588
-327378
441781
-771143
-953763
968843
807310
-982384
889771
-456996
946451
-599265
-802542
-436922
652284
695899
969167
-29572
-675281
826066
-688642
-653632
236610
588564
725510
-134257
-375221
-224515
61089
659630
195952
-262003
-537264
-132536
-25437
161562
961202
-13624
259934
418263
97883
-298827
525305
-679309
197382
427671
-66575
794829
863504
-239774
404888
262058
670753
34962
482457
-69500
191382
466840
831933
-762003
422548
-329604
663714
278222
-199500
-398641
-312196
796796
567044
934270
-818023
820459
300328
946736
587342
204584
329863
144276
-450937
-146747
-498476
688525
-993113
708175
-61610
-430807
409584
-378765
283189
-133192
791869
-720713
-728054
726166
-655211
210406
-847620
720496
659145
993227
406513
-30195
176401
-647891
277899
-999874
-757705
511148
-227553
78521
-704047
-253363
214082
184914
196487
46591
-928238
56512
870042
-424892
919283
-452151
465285
161519
-416329
296562
-265708
112103
-707724
981691
264415
-750312
252791
-819528
954177
-14871
87881
248271
-612775
784461
953743
-295656
-674848
512268
-98429
176767
392540
-796341
-896514
-281942
662329
590235
898630
-937071
578005
899016
32912
-264572
-10028
-542905
-358894
504747
-236033
581841
-919934
764404
57315
292988
770251
-400167
421808
352108
-980520
741221
2972
906093
-654064
242671
-390031
209748
431432
835767
-39303
-632379
-768220
-154567
-986794
-911701
-384689
-957492
-39575
-382561
-22732
143985
122159
861476
-25553
356863
706234
191555
768685
-128967
-492151
-397022
743554
-779753
-942499
-311615
-531226
551251
-27684
-297280
569940
-198682
-875255
672522
-762693
-625309
-46728
317508
977484
-824486
420886
206626
941407
738387
-900666
84869
-30190
-343578
23571
-70204
161699
279502
-288132
307024
983760
-256417
234735
785903
864178
-127856
802749
42187
-568642
-783204
-120585
-526295
-877620
585391
-832358
839288
553144
-180907
-394217
-622867
806928
362658
-295668
482798
287540
-188684
535727
139138
573551
81399
-495524
335882
115718
14853
777755
408735
-652117
-448653
-693926
-528627
654978
-463293
783023
-8316
865621
-217108
631207
67277
994934
53310
-486046
439856
-543590
442509
-323294
588542
602742
432141
-933144
541407
-737945
-31146
-833618
517344
-888959
335609
340640
394320
885125
-175555
-344757
-160301
-599574
455591
39962
379207
-23681
-981493
-718701
870288
290560
546144
-716318
-194641
-26710
-377276
619655
-60934
69909
679872
117278
605389
-784635
-107634
947192
699746
572708
126173
35953
913226
-193963
-512218
381956
188246
165552
483020
806685
-450670
788326
-533073
483871
584002
246566
948001
181718
87266
859771
246767
103644
-524299
349230
623919
624072
958376
-800132
943345
840315
-507518
669791
-893174
242702
-836903
-438351
-633051
737500
-116738
171275
-216589
662897
199577
-294309
892523
184271
-747709
-982395
-74554
403989
-357642
-465432
-666843
494085
116322
429653
967265
-362068
-835239
-533419
-394347
-154747
-912193
-382041
-663002
326282
632948
-268529
-522368
-83829
-627947
-701482
546466
462997
-45667
-921498
916334
311159
873001
79246
-662330
964450
830073
-877669
-273403
905481
-531490
19854
-164968
681418
356927
-180504
-303729
842899
-229558
-286971
785267
-982464
49024
-27290
-832278
-853214
-477416
-136514
-502299
870131
-278204
500274
-201045
-519947
241545
525582
602816
-180994
195593
892984
326708
828848
30602
550907
-801633
-3127
117432
772995
361403
646256
824511
-244795
975273
485362
742628
-864508
527723
155632
866058
-634836
-700248
-905569
51981
79760
-802787
352410
568745
972205
487501
470512
-660496
-269703
591374
-665559
895730
901784
-34553
-537799
-559124
-901429
876459
981481
484917
538144
254418
179948
630662
-262013
-895004
-121247
974730
35328
92105
863520
783250
-508322
684996
523027
305188
775051
-606963
22207
-928615
873802
-284879
-649327
-53921
-540985
478946
-792718
-739301
-896065
-538935
-624530
-618889
310515
534338
219047
134374
-152254
-257929
841781
-359188
-361608
-763486
663561
713221
-761591
995831
524204
845433
-257721
284508
-669164
579312
-721151
-850734
-377394
942167
-44403
862206
-230137
-888977
164432
-127472
-264155
-18146
653730
516119
591894
875736
-541115
-129555
547155
-169697
-380592
-735518
302693
-376603
-814581
-250454
-833972
760080
-198811
-611676
721435
-703382
-735450
751422
111649
27813
644025
-557715
-765336
-702016
828878
-489377
-803704
229404
-384258
877603
-628434
-720100
124310
641784
-79233
-523032
830311
524826
-465451
-579750
-499185
848155
273303
-923703
-657096
983709
234570
-117831
-804633
966044
196161
702555
483215
509742
560694
294543
361154
619354
-86796
-939784
-788642
156175
851037
925616
838415
-204479
1664
-798103
-426932
-73338
-251494
977759
276720
-567253
736960
90088
-742293
17277
859785
56618
-806718
-875496
-834488
-269301
-469897
-16249
695383
96387
-275144
304627
282787
24468
-31621
126332
411827
-843227
-867397
634308
-57148
-260319
-221238
305096
-851518
-643258
-270524
207623
-585736
561587
-410560
234749
-94263
144134
963626
911622
-397825
-730593
-979068
854913
-655438
-447408
152379
-620195
178470
967660
-228723
-919139
-138215
727391
-637339
-837414
100464
906001
190545
536994
79430
-589532
476350
-949936
512758
427195
75199
660797
393075
190722
-807076
-975612
-689448
-701238
-408080
-825980
476370
133429
470145
-192138
149810
-607203
-19702
-323186
674015
774692
110625
-440038
61203
-39511
936029
339419
58893
-272614
-574314
-861762
-400280
-319850
483063
-411696
-351300
-592320
564676
440630
733144
-12866
947052
766517
798822
-161912
601537
406331
691355
46527
-974011
-270364
-850203
577396
698474
548843
257519
862038
691653
-20616
-257029
101356
989716
916698
25431
-68184
439625
466316
190792
916054
-18006
-338648
-974934
212515
382259
111421
993904
-539102
986794
992765
616723
677568
-53884
-824108
-468063
643558
3150
-127266
482825
391260
-889113
-158638
-399394
627729
57638
490354
-733143
-98112
-338757
-713616
-424709
435863
215020
-215005
764704
373445
846916
-275881
-685874
403730
885582
224567
588017
639592
476973
-689376
381068
-521549
718670
-797489
-900210
758550
-24347
-60322
984118
609161
542476
-24980
-19961
-929312
-64959
-30086
949988
-333214
-976697
721776
-848928
60574
-650230
11739
873165
-700904
-370290
269057
395724
-392085
-87046
409927
-568355
671081
488293
930788
-240004
906347
-643805
-495367
-188439
-873081
-974430
-959604
-524131
-318267
-311921
-218412
-867884
-146966
924044
-811349
-808651
808396
-501637
-621799
-946048
-904187
392160
-735619
-872206
682930
-851175
-388622
298982
-20785
-25174
-958846
746922
410510
-36884
-517263
-766716
215063
-697327
-217960
-528936
-158359
-361471
-265096
-415552
599471
-578073
-247135
-434936
-412277
937362
-766070
-934087
-879560
306959
-704550
-118101
596492
-475484
292869
-362140
-287539
708595
-982624
-556455
-41336
397471
-543461
897147
467942
-116860
-144977
-463976
75989
587942
-723365
105624
909549
355080
487174
142011
742597
-892386
553258
340051
-99654
-449992
630449
-688924
520590
278204
-281929
285991
719839
-604109
-466512
14483
-653737
-379686
825635
280304
698434
679187
291888
-548711
-871632
252639
-979088
-70880
834069
-432183
436515
-314175
615831
-214785
913735
-771293
-380460
-972406
228335
-844596
-268763
-462465
642050
131140
-313138
865538
-617642
785792
382333
-239365
547098
-920331
-690921
905437
-413133
359571
59526
-526006
260786
-337204
866721
-17846
-726762
-966085
833017
262691
768297
204035
-155749
132516
-754415
-723669
576727
-510554
-681740
-47304
604027
702173
196390
-546220
-738444
-729648
556684
-824745
-983320
-70288
-8334
428227
-655537
-826444
-428414
849557
-925301
-254355
-887678
-160203
-560166
188393
759262
-949544
327154
-432302
-399517
241466
-209724
-1271
-730064
56705
779715
190775
-663535
-928949
458245
643105
865898
41979
665106
-560731
-211066
604975
179253
196406
-176973
568562
-588676
616068
671145
778073
-63242
-823273
110445
-589199
-716487
889774
87235
-83711
-282914
-120966
852217
-802481
628656
636756
856292
4934
850875
-420478
-284932
-469343
-407978
478055
706880
-793157
-283500
-55753
-77851
-497738
140043
542176
-437485
-536501
-772017
668390
972211
848458
477512
-123558
827072
797404
227101
476595
364364
-387182
-908003
-692462
316597
442493
546035
66495
126612
809430
-636293
963514
-137514
492178
98355
-359342
-20291
568502
248359
449631
382726
952334
304643
-278751
-197134
-337066
830175
-624470
318903
-250635
-52135
-680272
-981006
-984181
82910
611005
-553164
156446
815801
-439654
-971632
682633
-727667
788476
433399
-970935
-284562
209521
923611
-101031
396891
-994104
620694
-917689
-238310
168600
179196
194712
-588364
-717716
947715
597495
439821
108104
-367423
-750906
-342071
883254
499366
144134
720116
-605324
757943
413270
131457
-978244
801938
-294107
15526
769902
796167
-174917
-981123
-342560
-739602
847987
-769495
-837320
-736136
617708
-618808
-512695
496535
705354
-428263
-6988
-495866
41948
184414
181987
-208324
-564905
-365480
-861716
297936
-374842
846178
-779942
845814
-594532
-474369
-910148
248062
82543
728701
-271000
317526
815716
179216
517218
109257
642521
802298
-400054
-844832
-380337
343839
-385625
771108
-868610
984474
-674229
337633
628276
-204285
59487
-733455
-162211
-431422
507286
709985
962405
-936255
-869245
736835
910287
-209178
-384853
643029
539403
987449
149080
-180969
900638
922681
-97971
556815
-613865
685396
-758464
438458
-740492
821902
553180
756289
-523675
709262
948023
-264234
-442190
-676356
627358
-226681
967361
750049
579740
-97520
626672
-586692
-116260
-749290
-35826
434745
-447377
700567
-473082
511490
724862
-22648
-894016
-770384
189225
268069
-891718
163072
-80777
-198157
-780447
159703
126937
-71505
-423094
196367
861444
403671
-936518
24748
-986883
95808
-386210
970364
-170984
-955201
-795812
-983705
-143180
-971559
533347
679066
-652870
-697193
457528
-649714
138211
-811960
866393
-550073
-643393
871622
-629348
351159
-185143
-394940
-906917
786597
374471
844930
-517061
-302276
-354975
477587
561239
-247332
807652
-781923
994001
807403
-944413
35813
697992
325638
37539
-335773
370195
550798
-332011
332182
-662017
71789
-815810
-225773
160882
-515247
925150
689523
299039
205174
990739
721032
-695608
806305
443927
-825565
826490
-611623
918540
436288
904213
-147083
-278840
-211886
703735
232900
-729775
870371
-185957
-774677
723532
584476
973435
-967758
276636
316753
-655424
961698
-29366
77514
158874
979000
581890
435472
-184013
845841
-763010
-871998
819069
-494516
214036
600661
662409
902177
-741733
646054
838671
319140
255657
-563933
521884
832350
-946763
970494
-440468
-29425
-424259
282531
-832516
811063
728386
321702
-615821
32034
-328198
-895333
-306756
973279
-525277
871814
-176831
444688
-445719
-987813
-522130
809695
-396396
176096
433108
-564057
508970
-88038
-115142
-344092
168504
-497088
-695012
768550
-516526
847238
901458
-66770
-284378
-935494
-774353
154693
510110
745121
653308
-462735
-889735
50741
-812445
608747
-722319
616820
-168988
405191
-982344
-195166
170452
5339
-663832
-70248
608779
-525815
-916661
910512
-157876
-17869
236559
325888
-312798
154943
317015
-907909
-439876
672801
-681950
-162829
-433076
786835
195898
-24521
377644
563402
509991
570932
-987417
88820
-345738
269302
354524
641320
861394
-91114
872272
-349007
-797126
-355489
-978182
-946784
-691437
-571283
793342
379006
-183091
295741
-377901
351646
-59082
586297
-174144
195260
-115227
-603693
-286547
632981
-654899
-10882
52594
-289963
-32757
-847059
468767
-126809
-117680
-758447
280984
348908
799066
-771321
299751
-971363
475360
-811208
-336991
-663495
-831671
131940
-164276
-438221
-244806
-817865
44175
553900
-90191
42475
-364373
-201586
-110922
-651523
786993
-887658
763541
961876
-821010
606748
-465355
973022
682212
642476
608302
-939563
-609464
-111946
14312
924278
661379
426799
-937440
395728
-957358
-952505
-616267
-647544
-177218
-323820
593590
-384466
-296139
679370
535134
811136
-313577
944533
-704883
189818
-198990
231317
-634370
-431291
-661520
978980
-42605
-91092
820879
-752952
-224573
822858
-36014
-218155
-939020
-309121
416290
211639
-90993
-799946
-825318
-899353
-757098
373154
-695645
-994974
-656320
706032
-666003
641988
-68809
418979
-355594
910102
377201
191487
470521
889257
113659
486286
575661
-150434
420995
-409309
-298880
-90256
63204
167938
712138
-138456
984129
17193
-741661
-549815
894286
-408082
599129
150066
676027
-561188
-256627
-16528
-140785
695442
108545
-968416
967039
490130
73091
755209
-442486
-522239
-566918
-406942
-133797
992006
-335650
79210
4513
622243
-153899
-808690
-12389
440079
384380
848516
-817879
-759932
-743031
-112749
-472399
238305
-111807
133348
547815
81958
-528311
-472606
698316
-355820
198839
518507
-586322
727941
-171455
3941
-51280
-655315
800490
-666719
-54636
-623761
10692
-755280
65315
-711493
660069
165565
-541652
-715632
-42591
934819
-252382
-327385
-413046
-961433
-36519
348310
206980
196595
774850
110739
624188
370324
-828547
-223446
695737
-841327
630783
-49086
-370693
-608417
300490
-664419
619627
500644
-113126
-596808
-971981
-957473
506901
-888950
418899
720670
-660490
-522265
-829569
489850
211759
-742809
-827093
107244
243410
509134
897005
-981686
560334
-462014
599848
-148734
909252
-754485
368318
21108
436056
-158189
113202
-858190
226036
-194140
822539
-979322
-851003
791493
926106
-621223
-682082
-695479
-283310
258991
723235
-280491
309699
-193740
560115
-951460
94927
-484892
-410647
-186991
-680797
-833150
11395
220759
-745001
411325
696321
338676
-66882
740620
-550796
-143189
-110993
284326
-363174
191031
136541
-421333
-266476
454475
255435
-180071
-893909
398180
549450
-326527
815048
-14114
238040
999989
-858768