1000
342993
410015
968818
933020
470938
408848
715041
262779
838778
916720
576610
913708
646444
801835
941490
258220
585321
505032
491341
331860
198376
436027
304041
826889
762665
257366
800803
629171
806347
324427
168016
574790
293681
22263
683434
861936
438843
294960
102132
991519
966469
404536
205692
413748
410966
46926
903511
241375
80851
904153
561410
919051
592037
388874
345399
763615
290354
773367
338158
978597
593705
709595
907740
982455
117872
219958
459146
853912
486650
658460
109207
526589
509246
764073
437320
311144
534955
853968
159988
483298
331917
763822
511072
777920
793387
461788
297551
287643
231611
576130
604555
57405
524656
296636
61612
86291
402249
189028
179108
276819
472514
763585
325708
72635
627165
196556
953897
677504
382274
294515
317841
859291
567724
979461
188887
160793
477958
231207
131584
367148
586276
590765
25325
335056
299730
993697
778874
608287
135219
85547
824606
529473
540277
537607
279513
519060
912122
805783
570644
567022
488096
980697
535286
940107
359829
171346
170601
896865
903844
597615
277621
790964
73666
88828
142950
688559
881005
38847
443120
483464
804461
5376
792468
898111
685691
729732
523543
367574
968237
20442
878788
970680
209355
473908
310505
337272
102748
834110
658584
485179
550798
84282
22928
40983
219451
746274
521927
812959
857229
148274
714209
191355
599330
35693
360573
575148
283811
360338
588276
112129
525680
317308
459530
21065
69912
183133
208529
664678
976909
573195
162756
134502
111211
376435
656748
173720
178905
587959
776867
771632
336180
867468
90592
663270
318770
393311
869448
660770
261243
652638
464038
521251
594064
311996
537086
108223
447852
55829
676745
130397
907485
472383
563102
64019
387238
610575
712319
374229
38702
51925
470657
368840
123412
670946
189358
734586
503298
742077
390186
175601
661131
519620
995998
163966
111687
679702
941188
837847
413345
945056
636719
417148
353822
187874
737028
580662
915905
928499
57181
472830
766381
926979
206303
939954
294538
496779
839786
783072
892170
774252
94520
453914
873606
195072
490148
297329
616660
869386
667218
440916
488552
688225
352339
747459
50667
157414
863665
168323
612794
91711
780172
420868
883774
764069
698973
169649
385700
168831
78054
206042
366522
621761
473956
60699
894914
264748
869454
206400
312426
103703
668152
222410
828952
16556
201132
203491
523807
839522
409799
210327
526725
401337
807963
82767
225744
838168
240623
544382
187156
246623
786800
561418
41803
194323
462938
336752
334872
901441
461381
284182
976138
712114
583599
466984
593040
982507
362132
19555
951922
252121
182091
514136
913531
207434
346835
146416
945139
70219
23348
970111
719969
747409
302981
370350
529135
937226
536117
122974
528042
188758
245614
63038
635074
692388
297775
535726
119946
516120
238701
36894
469279
200138
569685
240860
381276
471702
263238
918905
92902
970942
567887
937171
390106
128248
800972
843403
245830
982514
349484
835288
616295
399010
567894
202278
783942
299073
549930
989876
249520
180845
643214
207642
575585
540800
385977
112947
234393
774326
144077
373135
141161
772592
900498
311002
742544
243132
202688
105338
55070
874535
251116
71557
600233
637812
744911
699292
13233
875310
518212
231163
210090
815171
387560
885458
254390
802853
67223
7864
364028
409880
990631
305841
373925
217337
604260
657081
739473
491899
266717
794814
441962
274638
222972
818491
188772
113120
213655
830362
174688
992950
914687
506903
533064
474139
77002
679828
66156
295033
652269
532364
62290
583886
731654
853400
196838
336273
459284
766936
648066
844879
912699
145761
75845
309441
366809
976505
415266
546488
456536
191235
627637
257065
943105
967340
317975
485930
304929
142372
823473
46313
36138
713948
100646
182099
607867
143138
958879
767619
204853
384312
363515
723423
409325
859159
746468
520919
548765
12936
263756
472935
444291
39014
129243
945246
628162
385354
728125
261260
270856
205604
468841
782355
561370
654050
392094
335028
111052
196266
859668
48562
628099
553350
1326
884588
511494
700478
982147
926084
926588
687883
538225
476168
55477
58118
227440
192953
430487
295919
255411
830516
431810
717889
579913
174517
822563
524513
981490
763757
10541
530350
965895
955139
195758
200741
368643
241291
402235
439238
899976
190007
549982
889491
610327
410846
239617
169118
74316
811418
919924
816904
365798
416887
548611
134770
83632
953713
594638
667512
272262
151052
256124
49325
141262
255559
970317
737910
745269
878700
47591
634611
93581
582712
636103
905205
221574
757224
328432
951552
942658
389039
698804
899538
816070
725862
663521
26957
833505
338278
741247
450375
518218
390377
424896
417409
44477
554355
523262
156390
497285
921320
967743
730799
856319
485131
361764
102098
979717
142448
26358
433922
770290
615068
325749
158765
25011
922038
535806
786410
544268
525960
293196
65580
25195
828616
546347
79604
976427
82645
460525
357791
456840
668320
492204
162219
839085
704679
339293
325726
736497
601446
705178
926412
189825
36511
151830
395819
984305
473130
236591
282806
553890
477769
802789
517766
680987
775734
285198
866713
664136
815304
586670
272351
186543
955905
362264
577391
251926
714175
906948
213108
338649
537982
498857
724409
746858
772231
457408
69337
6854
407808
77835
844086
454211
482235
696162
152934
610312
91491
576306
139955
106790
671154
112156
109773
966815
158927
794850
773414
214597
34555
462582
196321
181612
989862
901798
287200
595390
730936
604504
782316
953423
609536
520010
683417
805391
872861
140436
493148
854429
400856
171378
655936
57966
533288
757907
435441
373056
729637
184560
258497
934953
939947
604150
659960
202577
939491
252447
696591
255016
379685
150134
879454
237114
5321
430585
627493
393925
824446
603097
88189
276919
293907
913318
501839
618571
343201
983732
654164
490054
937568
157007
973754
55663
99413
734672
504958
56508
823149
932858
83871
42497
336216
838170
873449
790743
49234
276066
737274
258425
80252
291391
307084
884141
242437
931598
291539
803506
47514
815464
133516
572949
646949
282924
537570
201746
895432
240614
872499
505681
235775
346295
70938
113279
525688
241301
501376
219897
595655
313759
898931
71843
656230
141061
500676
319475
635990
511835
933474
584507
896485
650946
574542
379885
144936
285064
82151
354115
345959
998388
873031
751040
177723
978348
311962
310819
696139
853789
440368
892593
375810
212700
669151
787059
362454
130080
185387
623199
572159
879962
794305
5165
200427
845326
446244
273135
515719
66445
237067
332903
591381
474918
321220
834260
361058
508665
93757
495959
73148
968983
661343
314729
239422
627754
60394
68620
131379
818138
426828
458204
339808
955200
902484
51209
717526
820690
464662
590364
944010
2393
263622
35794
588611
944583
579237
382878
942437
284764
571327
970164
186399
847955
881683
965828
39710
223944
348107
711957
394173
643024
843937
451259
409635
498668
623903
694325
501196
871638
139693
480690
225753
563939
974741
46256
911842
726160
954812
31652
416170
889823
867307